((("MINUTE_HAND_LENGTH" .
   [0 0 0 0 0 0 0 1 0 0 0 0 0 0 0 0 0 0])
  ("int" .
   [2 0 0])
  ("Double" .
   [2 0 0 0 0 0])
  ("Point2D" .
   [3 0 0 0 0 0 0])
  ("60" .
   [2 0])
  ("6" .
   [1])
  ("360" .
   [2 0 0])
  ("Ellipse2D" .
   [1 0 0 0 0 0 0 0 0])
  ("Graphics2D" .
   [2 0 0 0 0 0 0 0 0 0])
  ("ClockPanel" .
   [1 0 0 0 0 0 0 0 0 0])
  ("event" .
   [1 0 0 0 0])
  ("setClock" .
   [1 0 0 0 0 0 0 0])
  ("JTextField" .
   [0 0 0 0 0 1 0 0 0 0])
  ("add" .
   [1 0 0])
  ("setVisible" .
   [1 0 0 0 0 0 0 0 0 0])
  ("EXIT_ON_CLOSE" .
   [0 0 0 0 0 0 0 1 0 0 0 0 0])
  ("setDefaultCloseOperation" .
   [1 0 0 0 0 0 0 0 0 0 0 0 0 0 0 0 0 0 0 0 0 0 0 0])
  ("public" .
   [2 0 0 0 0 0])
  ("import" .
   [2 0 0 0 0 0])
  ("args" .
   [1 0 0 0])
  ("void" .
   [1 0 0 0])
  ("def" .
   [7 0 0])
  ("__init__" .
   [0 0 1 0 0 0 0 0])
  ("self" .
   [11 0 1 3])
  ("Stack" .
   [0 0 0 3 0])
  ("stack" .
   [5 0 1 0 0])
  ("append" .
   [1 0 0 0 0 0])
  ("obj" .
   [2 0 0])
  ("return" .
   [1 0 0 0 0 2])
  ("len" .
   [4 0 0])
  ("stk" .
   [4 0 0])
  ("push" .
   [1 0 0 0])
  ("if" .
   [3 0])
  ("print" .
   [4 0 0 0 0])
  ("pop" .
   [1 0 0])
  ("BASEDIR" .
   [0 0 1 1 1 0 0])
  ("dirname" .
   [2 0 0 0 0 0 0])
  ("Terminal" .
   [1 0 0 0 0 0 0 0])
  ("Employee" .
   [2 0 0 0 0 0 0 2])
  ("10" .
   [1 0])
  ("println" .
   [1 0 0 0 0 0 0])
  ("100" .
   [1 0 0])
  ("hireDay" .
   [0 0 0 0 0 1 0])
  ("string-match" .
   [1 0 0 0 0 0 0 0 0 0 0 0])
  ("progn" .
   [1 0 0 0 0])
  ("duffing" .
   [1 1 0 0 0 0 0])
  ("clean" .
   [1 1 0 0 0])
  ("c" .
   [1])
  ("0" .
   [6])
  ("$" .
   [1])
  ("t" .
   [2])
  ("a" .
   [1])
  ("1" .
   [4])
  ("timestep" .
   [1 0 0 0 0 0 0 0])
  ("2" .
   [2])
  ("printf" .
   [1 0 0 0 0 0])
  ("split-window" .
   [0 0 0 0 0 0 0 1 0 0 0 0])
  ("provide" .
   [1 0 0 0 0 0 0])
  ("color-theme" .
   [0 0 0 0 0 0 0 0 0 0 1])
  ("color-theme-loochao" .
   [2 0 0 0 0 0 0 0 0 0 0 0 0 0 0 0 0 0 0])))
